1000
19 15 33
64 81 11
28 11 21
57 85 91
14 12 58
40 58 61
43 99 74
22 28 37
56 82 23
90 14 81
100 35 40
0 57 27
47 25 9
10 9 17
68 85 59
84 53 47
3 53 40
7 95 21
99 13 4
0 39 48
100 97 2
61 11 61
94 30 67
79 7 62
60 81 24
51 65 58
79 12 10
62 17 79
13 17 1
10 32 14
43 44 59
28 74 83
7 84 22
65 42 19
91 54 60
25 25 97
77 97 48
87 40 57
97 37 34
74 35 91
91 63 85
14 33 90
73 67 79
42 8 52
55 83 24
81 58 33
79 88 11
56 35 42
9 76 39
80 78 67
76 9 32
35 81 8
75 96 31
84 38 75
59 60 85
29 90 66
1 22 6
75 97 59
52 96 17
84 48 1
12 59 63
33 55 85
21 81 30
83 27 46
24 29 11
86 89 75
29 21 13
66 25 14
20 46 39
52 91 16
8 92 17
21 94 36
99 92 60
76 7 28
65 83 43
92 10 71
52 69 42
38 18 74
50 36 93
75 71 84
79 26 26
45 4 63
61 18 70
85 12 5
18 66 28
55 48 15
25 40 82
93 54 6
68 88 5
57 75 18
0 27 62
53 3 4
36 54 38
38 27 52
45 70 62
13 94 70
49 11 58
100 89 76
95 22 15
42 4 54
54 98 4
22 21 46
75 33 74
60 68 69
20 39 43
54 28 35
52 79 95
28 37 95
5 19 45
6 68 91
64 70 73
79 40 83
39 39 55
40 5 31
98 69 74
5 95 26
68 63 40
97 14 17
65 77 76
76 86 17
10 38 38
74 86 76
41 54 55
41 32 82
17 69 21
96 80 66
91 24 30
100 84 31
17 17 24
71 28 4
39 43 22
100 84 72
65 81 74
17 53 33
94 20 21
24 89 95
60 5 38
60 57 42
6 56 93
93 94 28
48 39 20
86 14 22
52 60 75
12 33 57
32 60 75
19 95 1
55 94 27
87 20 40
67 60 99
13 9 61
24 8 15
23 70 19
8 2 87
28 13 37
46 13 17
99 41 62
2 72 59
59 30 95
85 67 94
49 18 95
16 66 96
91 2 12
25 2 9
93 21 57
4 95 82
14 78 60
1 7 59
7 55 85
76 58 19
68 55 29
13 15 75
96 100 18
67 58 20
48 52 2
89 80 24
33 60 68
97 7 12
91 63 31
39 5 87
73 100 14
31 9 97
98 6 75
79 69 11
98 23 27
30 64 33
70 35 42
84 5 4
0 92 67
24 100 35
1 23 57
47 68 48
75 28 25
83 98 82
84 40 70
8 7 32
11 83 30
2 96 76
72 17 12
58 85 42
54 69 77
64 20 30
59 78 24
38 68 94
77 65 16
96 33 27
51 46 69
9 77 77
19 7 99
59 82 94
68 23 92
20 73 91
61 63 52
91 77 4
97 10 91
52 36 12
12 98 95
57 98 14
38 55 3
73 41 26
79 6 30
96 55 72
20 2 14
13 68 39
33 18 17
54 83 44
70 42 40
88 5 55
99 60 89
42 35 78
6 90 7
47 85 3
12 3 26
59 75 48
37 43 86
72 84 72
34 64 3
67 5 11
94 29 61
44 68 69
93 91 57
49 32 95
54 28 31
4 45 66
91 22 82
75 9 23
17 43 82
54 47 14
38 6 39
63 90 6
94 53 82
99 10 38
52 68 7
23 24 41
9 3 8
31 11 98
27 23 72
19 78 93
82 77 39
30 9 85
43 81 99
81 69 83
29 16 45
57 53 73
72 98 89
27 56 28
61 34 14
94 30 5
31 86 25
61 6 25
8 67 44
40 79 88
40 29 19
42 7 15
11 30 40
6 12 13
14 30 25
83 12 56
34 44 91
24 60 67
73 94 6
30 29 57
31 9 89
81 13 32
42 58 87
97 24 78
15 70 53
79 37 2
23 34 79
76 70 22
100 17 30
77 89 85
77 21 90
32 14 83
30 64 56
3 40 45
0 68 90
25 17 18
18 95 60
54 93 10
4 47 5
6 54 76
78 53 78
41 48 10
49 73 97
5 47 9
2 100 54
54 8 62
83 39 80
90 63 36
28 12 87
42 33 100
13 82 4
18 57 73
75 68 11
5 36 8
100 47 93
24 98 37
44 62 13
93 24 72
100 6 31
69 18 21
96 46 9
99 91 5
36 42 44
67 45 63
80 80 99
23 35 44
73 81 29
92 67 54
20 62 88
42 93 80
38 36 53
1 28 70
57 76 73
55 65 61
26 92 27
19 59 93
27 86 68
42 25 39
79 20 6
28 53 36
57 14 13
54 73 68
97 87 65
100 91 95
69 96 3
10 72 100
64 88 26
52 37 89
5 42 25
54 86 32
24 57 9
14 46 40
77 76 20
67 23 25
63 75 34
68 82 88
78 84 95
9 70 2
89 74 71
8 90 85
97 88 98
99 26 64
2 93 86
17 24 45
36 4 21
82 24 95
93 62 100
66 89 30
43 89 76
45 12 15
98 100 65
77 75 53
45 94 28
23 3 100
5 77 17
34 21 80
44 71 96
84 75 56
17 75 28
51 57 31
45 54 78
56 43 8
37 62 67
57 66 7
25 93 2
21 88 44
95 92 84
47 52 75
12 39 71
100 91 18
81 4 75
2 47 93
2 57 53
41 58 27
0 44 99
83 89 31
47 32 85
71 86 34
74 76 22
78 21 43
89 8 11
90 77 46
94 6 97
34 14 7
20 94 40
15 81 62
44 19 7
80 22 42
49 78 52
77 18 99
100 28 10
18 18 95
59 8 29
35 16 42
0 55 55
3 66 73
58 20 9
91 77 63
42 73 40
57 27 68
0 10 42
55 71 19
67 53 15
57 52 31
85 74 65
56 80 4
44 88 41
23 68 11
97 82 93
65 77 89
36 87 6
90 76 61
67 43 16
56 1 93
35 62 33
53 77 48
4 84 60
77 61 9
58 18 38
30 74 67
45 24 72
95 85 18
62 90 75
10 86 69
60 81 83
48 21 33
82 56 91
0 15 62
34 85 73
77 46 25
18 82 44
62 17 11
51 32 31
50 66 61
70 87 37
93 85 66
84 74 99
91 59 33
29 42 62
98 22 42
39 94 64
5 98 52
55 94 1
72 40 83
90 70 34
95 59 36
24 1 68
84 79 77
54 31 99
95 29 87
1 54 73
25 43 2
29 25 59
16 35 59
59 46 2
44 4 23
38 4 1
12 9 17
67 1 56
90 37 82
53 89 74
30 60 84
75 18 61
34 10 100
24 57 38
17 26 74
81 45 30
11 45 47
7 13 96
26 2 42
62 48 83
37 59 59
46 13 25
72 45 65
24 24 77
84 18 41
7 34 65
12 55 55
53 70 66
18 28 91
20 14 88
35 73 75
1 87 71
52 90 42
87 37 39
50 65 61
18 69 54
43 24 79
72 96 80
10 36 76
0 2 42
14 59 83
41 85 37
45 24 7
32 68 96
23 8 13
85 2 99
36 61 83
13 69 20
100 45 18
51 26 61
21 1 14
83 21 71
7 52 70
39 68 89
90 98 72
55 37 9
17 2 33
70 70 72
22 54 16
15 48 19
94 54 91
71 75 75
70 72 24
36 41 40
61 38 36
25 55 35
72 9 77
12 71 89
81 38 43
98 96 13
98 85 64
80 25 64
46 13 67
82 70 56
47 92 81
91 88 3
66 69 9
33 70 76
82 42 37
61 11 97
17 78 67
12 88 91
95 53 33
42 65 78
42 67 14
69 62 92
47 71 80
68 6 13
58 99 46
96 97 9
64 76 28
89 37 94
71 59 9
68 23 60
58 86 97
62 46 1
3 75 98
53 52 65
75 46 17
51 22 21
19 87 86
29 94 95
86 75 33
83 15 78
34 92 25
51 66 33
84 79 64
99 35 58
95 88 7
21 6 39
4 64 60
6 97 77
91 65 22
67 60 11
64 82 82
10 33 33
85 73 67
23 66 83
35 99 22
60 2 68
100 60 84
52 27 3
86 15 32
26 63 84
61 65 100
7 38 80
9 67 98
84 58 8
13 46 10
28 75 45
38 73 58
55 2 71
41 97 37
56 57 34
93 81 97
9 10 84
98 42 24
47 66 68
16 43 68
74 83 52
38 13 25
25 68 86
87 63 13
39 62 19
17 8 18
77 91 2
53 48 15
87 66 72
93 37 34
19 77 72
67 12 75
90 78 19
4 8 40
60 34 72
99 99 99
4 80 61
48 16 37
11 78 3
13 78 5
14 81 78
78 23 25
31 8 81
15 87 67
16 93 89
93 73 87
41 67 73
81 8 37
6 57 10
96 23 79
15 14 85
2 35 88
74 29 63
48 19 14
64 85 30
90 48 65
35 9 73
26 54 1
86 22 44
63 73 6
24 26 19
41 97 68
41 85 26
1 95 53
77 23 24
11 97 8
45 62 57
32 43 54
18 75 8
84 90 1
82 97 70
25 47 39
19 23 85
20 28 98
0 71 40
42 93 63
13 35 36
13 55 55
85 33 65
7 84 93
16 15 64
94 73 33
96 2 72
99 8 47
45 38 11
17 31 57
63 4 15
43 82 22
34 72 48
20 98 70
60 87 90
13 64 42
20 24 95
70 67 75
17 73 94
29 75 87
94 41 86
3 98 22
71 83 38
65 88 97
11 10 80
23 21 97
100 91 42
81 3 94
100 66 7
85 71 33
32 81 7
52 33 14
88 27 3
37 29 63
82 65 54
14 63 94
91 5 25
88 98 52
74 24 4
31 20 6
13 62 100
11 99 92
2 36 39
32 15 55
94 30 1
47 88 70
68 47 78
54 18 72
72 73 82
63 97 5
23 5 33
17 52 13
34 92 69
36 69 53
34 26 6
78 100 69
76 87 22
11 99 88
35 43 32
16 58 42
36 86 34
8 59 6
7 72 10
4 86 31
38 87 35
82 32 14
95 95 17
31 3 8
56 65 95
34 38 11
91 48 60
82 89 7
16 66 92
25 23 43
99 95 91
96 67 6
80 2 41
40 31 94
15 28 37
58 58 81
81 16 88
73 32 97
91 2 11
75 91 13
95 24 55
70 35 40
18 13 17
88 58 41
66 19 66
15 90 92
31 10 68
82 19 81
71 52 15
18 75 3
33 58 9
14 98 61
76 23 47
52 72 19
19 67 40
96 23 25
76 21 60
66 75 25
24 64 84
59 22 76
46 100 80
88 40 84
79 29 41
63 93 100
19 25 7
32 96 39
75 79 54
58 27 76
27 5 38
0 32 79
63 42 23
51 16 84
91 10 23
82 35 76
79 67 41
56 22 38
56 61 7
75 97 39
13 47 81
68 94 26
38 20 36
63 18 95
77 28 9
18 22 25
19 32 69
88 98 54
98 41 60
91 74 34
83 77 98
6 90 18
55 94 47
38 3 52
30 61 23
48 38 28
73 9 85
65 39 45
40 32 40
26 26 94
69 11 77
15 73 20
16 86 48
95 21 59
50 82 26
4 42 74
61 12 61
16 48 34
9 72 95
80 15 95
44 52 32
2 86 38
97 83 99
5 74 9
93 61 47
39 5 38
100 55 38
32 47 87
59 43 87
55 93 15
88 93 40
8 34 45
8 87 8
83 62 4
53 46 81
59 98 12
20 56 69
61 29 41
9 67 78
100 31 47
50 22 62
84 30 23
4 78 15
79 8 72
100 54 94
78 12 41
46 18 82
41 35 64
99 8 69
70 93 6
66 92 12
91 96 80
28 2 36
15 100 82
11 32 65
89 86 90
32 67 10
78 28 94
2 9 3
33 44 96
44 35 57
75 69 6
90 72 20
79 70 92
56 48 75
0 30 70
33 6 28
21 99 3
61 53 3
49 43 41
8 100 13
7 29 86
34 67 6
5 97 10
86 54 55
93 73 82
52 23 15
5 77 3
69 96 28
63 38 11
79 94 60
12 65 66
16 53 10
43 97 35
37 26 33
79 91 11
4 79 33
13 63 44
35 45 55
52 58 41
48 86 21
51 72 5
7 79 5
66 98 21
54 70 59
77 75 10
91 41 56
90 47 68
44 33 42
89 41 20
38 96 19
40 29 7
30 44 90
43 82 18
88 45 37
59 83 100
92 100 81
13 98 74
79 74 13
67 89 59
0 89 69
97 40 88
68 88 23
55 80 45
8 61 41
7 78 53
33 17 14
61 58 61
54 84 77
16 10 4
30 5 25
67 73 45
51 36 99
34 98 65
50 20 90
2 77 57
80 53 38
91 61 19
56 91 37
67 19 16
48 46 58
97 81 53
4 25 17
87 70 20
41 62 75
35 72 76
47 2 34
34 15 71
24 84 57
53 6 61
84 63 23
2 42 20
65 46 89
33 20 79
35 55 63
76 47 70
38 92 85
0 33 60
18 89 10
7 54 41
11 69 57
46 54 18
22 97 31
49 37 81
53 61 85
10 55 27
92 40 17
25 61 69
53 5 47
81 53 85
75 83 75
21 60 67
7 52 33
15 40 98
9 100 8
99 62 71
6 37 12
21 80 63
36 67 58
80 70 89
5 47 66
56 6 32
4 99 34
8 88 1
71 28 11
82 98 10
2 1 3
76 45 72
13 28 46
28 16 5
65 48 46
86 33 83
61 30 32
67 67 62
46 59 25
84 58 56
20 46 63
54 12 86
98 55 70
22 2 57
55 77 36
100 1 1
9 78 90
12 85 59
58 12 24
13 64 55
46 60 87
49 22 17
8 47 90
94 7 87
64 15 25
